198,4
82,3
139,4
139,3
98,3
284,3
284,2
284,1
284,0
147,4
96,3
13,5
144,2
0,550
253,5
246,3
247,5
199,4
107,3
203,4
34,3
89,5
29,4
104,4
55,3
55,5
146,5
146,4
96,4
55,4
144,10
144,8
144,7
144,6
144,5
144,3
144,9
198,5
144,11
250,3
250,4
0,495
122,16
0,492
104,6
104,5
104,3
39,3
99,4
122,4
144,4
306,6
306,5
306,4
307,7
307,6
100,11
307,5
307,4
100,17
78,4
76,5
76,3
122,15
122,3
14,15
14,16
14,14
240,2
59,2
120,2
117,2
240,3
103,3
118,2
111,2
244,5
112,2
63,2
206,2
113,2
102,2
0,480
0,547
103,5
103,4
119,2
0,541
106,4
106,3
106,2
106,1
106,0
116,2
319,3
319,2
319,1
319,0
318,3
318,2
318,1
318,0
317,3
317,2
317,1
317,0
138,3
134,3
0,476
316,4
316,3
316,2
316,1
316,0
115,5
115,1
115,4
115,0
114,12
114,8
30,9
30,8
30,7
30,6
30,5
30,4
30,3
75,5
75,4
75,3
74,9
74,8
74,7
74,6
74,3
74,5
74,4
315,3
315,2
315,1
315,0
314,3
314,2
314,1
314,0
313,3
313,2
313,1
313,0
312,3
312,2
312,1
312,0
311,3
311,2
311,1
311,0
310,3
310,2
310,1
310,0
309,3
309,2
309,1
309,0
308,3
308,2
308,1
308,0
307,3
307,2
307,1
307,0
306,3
306,2
306,1
306,0
305,3
305,2
305,1
305,0
304,3
304,2
304,1
304,0
0,465
0,464
0,463
0,460
130,3
91,3
88,4
0,459
0,458
0,540
0,317
0,313
0,308
0,482
0,447
303,3
303,2
303,1
303,0
189,6
114,11
114,7
114,10
0,393
302,4
302,3
302,2
302,1
302,0
301,4
301,3
301,2
301,1
301,0
0,544
300,3
300,2
300,1
300,0
299,3
299,2
299,1
299,0
298,3
298,2
298,1
298,0
297,3
297,2
297,1
297,0
296,3
296,2
296,1
296,0
295,3
295,2
295,1
295,0
0,466
0,388
293,4
293,3
293,2
293,1
293,0
0,546
0,575
294,6
294,5
294,4
294,3
294,2
0,574
294,1
294,0
292,3
292,2
292,1
292,0
291,3
291,2
291,1
291,0
87,3
290,3
290,2
290,1
290,0
289,3
289,2
0,469
289,1
289,0
288,3
288,2
288,1
288,0
287,3
287,2
287,1
287,0
286,6
286,5
286,4
286,3
286,2
286,1
286,0
90,3
282,5
282,4
282,3
282,2
282,1
282,0
0,573
14,1
14,64
285,4
285,3
285,2
285,1
285,0
14,20
14,2
14,0
283,3
283,2
283,1
283,0
281,3
281,2
281,1
281,0
0,572
280,3
280,2
280,1
280,0
279,3
279,2
279,1
279,0
278,3
278,2
278,1
278,0
206,4
206,3
120,3
117,3
14,22
118,4
118,3
14,12
14,13
112,5
112,4
112,3
111,4
119,3
277,3
277,2
277,1
277,0
276,3
276,2
276,1
276,0
275,4
275,3
275,2
275,1
275,0
274,4
274,3
274,2
274,1
274,0
273,3
273,2
273,1
273,0
272,4
272,3
272,2
272,1
272,0
271,3
271,2
271,1
271,0
270,6
270,5
270,4
270,3
270,2
0,571
0,570
270,1
270,0
269,4
269,3
269,2
269,1
269,0
0,387
268,3
268,2
268,1
268,0
116,3
111,3
189,5
189,1
189,4
189,2
189,0
113,5
113,3
113,4
63,3
63,6
63,4
189,3
102,5
102,4
102,3
267,3
267,2
267,1
267,0
266,3
266,2
0,569
0,568
266,1
266,0
265,3
265,2
265,1
265,0
264,3
264,2
264,1
264,0
263,3
263,2
263,1
263,0
86,4
85,6
85,5
85,4
102,6
73,3
196,4
0,567
24,36
0,543
0,479
0,475
0,566
196,3
72,3
244,3
243,3
262,3
262,2
0,468
262,1
262,0
256,4
256,3
175,5
175,4
0,565
101,2
93,2
168,8
168,7
0,564
92,2
69,2
0,477
197,2
68,2
0,563
62,2
238,2
0,562
57,2
195,2
56,2
0,302
54,2
101,4
101,3
100,16
100,10
100,15
100,14
100,13
100,12
100,4
100,9
100,8
100,7
100,6
100,1
100,5
100,2
100,0
100,3
0,318
229,2
93,4
93,3
92,3
52,2
178,2
69,3
197,4
197,3
61,9
61,8
61,1
61,7
61,0
53,2
95,2
238,3
200,2
57,3
195,4
195,3
